Time	Iteration	Evaluations	AverageReward	StdRewards	MaxRewardRollout	MinRewardRollout	timesteps
180.95019268989563	1	10	-1467.7754911081151	58.656039649107086	-1306.3257917372061	-1516.5680955394614	40000
199.2063012123108	2	10	-1390.604760516278	108.16340029843592	-1272.6360453178386	-1532.261453628408	80000
215.26740312576294	3	10	-1320.7526970912675	216.83972741009873	-1144.440667882879	-1756.13913248522	120000
232.47000217437744	4	10	-1220.3110890181688	27.388107483446404	-1170.4663494130873	-1262.387442489553	160000
249.23563718795776	5	10	-1300.9069385414011	201.7038436903702	-1072.641661595168	-1683.6625390845186	200000
267.65914964675903	6	10	-1165.75371947863	54.9086802359276	-1017.0520690565527	-1215.898472259704	240000
286.369087934494	7	10	-1280.8061497770727	92.11872303177282	-1172.3735166831896	-1496.1045271686653	280000
301.8676788806915	8	10	-1212.2926262660874	18.173937521492515	-1171.5280767760237	-1238.9913939413636	320000
316.54806303977966	9	10	-1230.6544322959066	187.3585865924191	-1049.963513300887	-1733.0500187522314	360000
332.8372657299042	10	10	-1194.9367295057305	263.2954089506561	-936.0372969694846	-1722.1536328293143	400000
349.4653820991516	11	10	-1151.5139834480065	149.95697236803883	-1018.0872671811597	-1559.0954989108945	440000
366.299063205719	12	10	-1296.6237497524303	147.2744413416082	-1018.7565106353051	-1561.7340784760218	480000
381.72119092941284	13	10	-1154.4750746499303	101.72259511923443	-954.0957607260239	-1371.629963286217	520000
399.0354528427124	14	10	-1179.2214828983597	154.81910775442063	-1000.7963914861874	-1549.0337148568015	560000
415.2117350101471	15	10	-1241.2432926428335	59.441028956140386	-1129.3206921988847	-1341.7980147859432	600000
430.74267530441284	16	10	-1237.9875534375028	92.83727422316066	-1121.2952720532962	-1362.2556651013201	640000
444.48792791366577	17	10	-1296.07318705416	198.2116835777383	-1013.4448271105797	-1680.6437038725437	680000
460.20468640327454	18	10	-1300.478760624073	79.78154425869249	-1190.3083585944735	-1451.4730663630667	720000
473.20950651168823	19	10	-1373.6838217539453	93.31373717078614	-1290.213918555045	-1604.5627713005842	760000
485.4279692173004	20	10	-1300.1256016311045	57.827530276818706	-1184.3795545622047	-1368.9347990348165	800000
497.970326423645	21	10	-1380.7949381673463	142.2290340196404	-1160.8501325403336	-1712.7854650602987	840000
510.4582552909851	22	10	-1238.5850904064519	114.80112253240411	-1145.5881361740858	-1514.7363693683567	880000
522.1885802745819	23	10	-1266.4791293696603	84.66419360581541	-1143.7956523185094	-1385.906459757057	920000
535.9107551574707	24	10	-1208.2773676688573	154.0510800249987	-1055.8431049310434	-1611.8409869084126	960000
551.2438433170319	25	10	-1273.6974716805082	276.11243482708784	-994.4467854570114	-1696.7220678036365	1000000
567.1080594062805	26	10	-1332.0210142497822	351.32041350628595	-834.5154367093048	-1742.4127560599595	1040000
583.5943274497986	27	10	-1238.6657053953377	337.01370318624606	-641.913229319972	-1724.8801886960234	1080000
597.4813222885132	28	10	-1290.8906649599583	245.19686138767852	-888.7729221027704	-1645.8887287563512	1120000
612.3078763484955	29	10	-1244.4968488118304	293.2688383994725	-922.6561882283323	-1708.6025827136564	1160000
626.0605795383453	30	10	-1281.9857712685393	307.3601899899891	-933.2674925460261	-1763.127962692888	1200000
638.062281370163	31	10	-1290.0260275731835	167.56367891560143	-1069.51920664965	-1519.6230582216745	1240000
652.5422675609589	32	10	-1301.3258712313648	227.99450811502246	-988.4763146482615	-1719.2646438059357	1280000
668.9393236637115	33	10	-1306.0495167206825	204.39367992364973	-999.5584597519133	-1627.51607324671	1320000
681.5645523071289	34	10	-1422.6950029799793	282.20972880888644	-990.3755761202499	-1744.18661635172	1360000
693.276251077652	35	10	-1261.935779895676	296.4465091072064	-870.6244418784489	-1701.0001676007437	1400000
705.6001546382904	36	10	-1323.2515991180287	181.1780903378625	-1064.2044345392303	-1688.4003874584423	1440000
717.8024525642395	37	10	-1216.8701331279715	180.1142234929729	-1004.649052800797	-1550.333241162139	1480000
730.4752621650696	38	10	-1420.158169213136	255.1820309529652	-997.9135035215174	-1696.5682112529446	1520000
746.2651736736298	39	10	-1271.9895045680576	168.80487675866317	-981.8796158976352	-1550.5818647168787	1560000
760.9194293022156	40	10	-1349.0057157092647	165.52641639039905	-1050.4753550634305	-1580.835650351042	1600000
775.6662969589233	41	10	-1147.7857967641576	227.78011645043125	-884.4651311221577	-1714.6935770800217	1640000
789.656907081604	42	10	-1267.7125120221456	229.99355675999578	-1022.6112856260697	-1739.00397877333	1680000
802.669819355011	43	10	-1246.9493332803654	211.57980816781546	-1013.9454543270389	-1693.3722225496008	1720000
816.3004722595215	44	10	-1323.7542463879272	198.76970698567686	-1064.784535134432	-1679.0839880259296	1760000
830.3918533325195	45	10	-1268.2817828581665	265.03461049107165	-911.0411825598795	-1789.8154899779918	1800000
843.1762936115265	46	10	-1279.0445318131938	311.0208135668781	-950.5716503690917	-1800.0878115351488	1840000
856.0356974601746	47	10	-1552.7605864703237	178.8203164996509	-1306.220337257807	-1800.8087541904122	1880000
868.6297299861908	48	10	-1528.277295501967	192.4413907885152	-1332.2217694510239	-1816.4620228642552	1920000
881.168203830719	49	10	-1558.0073597979426	131.03091787517965	-1325.4190642013534	-1782.6892866958501	1960000
893.1408634185791	50	10	-1579.5928490237989	149.8473518189272	-1310.6362025334777	-1779.8339139991383	2000000
905.4938230514526	51	10	-1638.6115675190026	127.70625468431254	-1460.3722689070353	-1825.724420082795	2040000
919.399158000946	52	10	-1623.3361846461478	75.63677931781454	-1441.1197420514088	-1729.5942324491837	2080000
932.2115476131439	53	10	-1577.1161287330528	141.9086984220667	-1333.4040358367774	-1776.2030121286261	2120000
943.5330798625946	54	10	-1591.8432949311677	81.46960798139855	-1461.222692431268	-1751.1107354413925	2160000
958.6667404174805	55	10	-1643.6724309642443	177.1422486191819	-1408.1516097560398	-1862.403090537371	2200000
970.2103936672211	56	10	-1627.356690157052	77.15686758918446	-1512.6634231147323	-1807.7152602079018	2240000
982.6309931278229	57	10	-1655.1133725933178	130.85530592021107	-1475.957442408478	-1871.3739644037778	2280000
995.9018955230713	58	10	-1624.1701311366885	69.79936343776174	-1501.7482661368672	-1770.7560682362466	2320000
1007.6086699962616	59	10	-1653.948067900193	112.27676422585083	-1533.2407378982066	-1853.4654037940231	2360000
1018.9679827690125	60	10	-1704.7757614509337	95.06715754079885	-1567.2415500980023	-1844.540486676855	2400000
1031.1433656215668	61	10	-1605.459581464709	141.00496237871036	-1352.4071314069902	-1840.6781359551492	2440000
1042.3822412490845	62	10	-1657.8282076454132	94.114601011632	-1535.8986493183068	-1810.2730554481657	2480000
1054.4896712303162	63	10	-1689.9400729351194	102.79468851580276	-1525.1823128615085	-1856.90302134269	2520000
1066.3133101463318	64	10	-1703.74667900168	127.25132047925607	-1421.6989641858934	-1877.1555581536356	2560000
1078.1441705226898	65	10	-1723.0250912708102	108.76801765275512	-1573.9751705749504	-1895.3620386862422	2600000
1089.5977156162262	66	10	-1668.9957395136603	113.1772262649029	-1550.6608475861833	-1883.442490838533	2640000
1100.7528822422028	67	10	-1658.3050147894064	114.00882942933463	-1489.5873495360825	-1862.62615396458	2680000
1112.5112690925598	68	10	-1708.5317993396766	131.09521633084563	-1461.0786414017266	-1924.7236375987457	2720000
1124.1754987239838	69	10	-1690.3672773863243	154.8562948646223	-1379.4302651374812	-1892.3837153058244	2760000
1136.027958869934	70	10	-1684.7014874196473	80.47163051770728	-1574.6086217336244	-1805.479634225538	2800000
1148.5074479579926	71	10	-1745.3553535938358	117.32569042370748	-1543.784136656602	-1898.6692103957319	2840000
1159.68692278862	72	10	-1725.045864129413	104.160599753724	-1603.586198031629	-1893.9401964938609	2880000
1171.0467507839203	73	10	-1714.0225383523116	130.08256605091603	-1450.6081761272135	-1896.8636721918965	2920000
1182.8704135417938	74	10	-1767.1765071794248	116.85118264731216	-1593.610453244923	-1940.1490202423292	2960000
1195.1258380413055	75	10	-1729.961318312168	79.3512534918446	-1605.4080759399071	-1867.1936801315499	3000000
1206.5327076911926	76	10	-1746.4370298390836	128.77924692269386	-1500.6684472138277	-1926.7135368718182	3040000
1218.0877084732056	77	10	-1641.3232779763325	80.32885992624216	-1514.2923426443322	-1832.5539437574146	3080000
1229.4857242107391	78	10	-1775.7022029934026	108.91842493279252	-1626.8296330798223	-1923.6356397069692	3120000
1241.4412212371826	79	10	-1696.3237143487174	108.00076922925025	-1439.7282172241644	-1829.6485227700962	3160000
1253.146232843399	80	10	-1675.9593415317904	61.75546021150295	-1548.7940677749932	-1763.8813558145175	3200000
1264.4138839244843	81	10	-1729.8948839702305	138.89746243362728	-1394.4775587156312	-1893.0488761919116	3240000
1275.1466553211212	82	10	-1614.9356337992872	131.5263104008442	-1402.9133824046498	-1856.7194797678146	3280000
1285.6468622684479	83	10	-1707.6331143998655	113.7840263855414	-1512.3127092999728	-1862.4842658501127	3320000
1300.231857061386	84	10	-1718.0113268090342	137.82975081062565	-1485.788232027871	-1922.3438436959652	3360000
1311.153713464737	85	10	-1744.1064878743298	103.4242496294189	-1608.0278844405293	-1936.7426143928014	3400000
1321.8646750450134	86	10	-1676.2741905315622	37.69166100431917	-1596.1700192173569	-1728.2304518196077	3440000
1332.1667387485504	87	10	-1741.80558699743	101.04567062434322	-1600.6395123978336	-1893.5079140277885	3480000
1341.6912455558777	88	10	-1675.2670980619682	177.3839486230246	-1357.9182982027205	-1890.8111107512902	3520000
1352.453586101532	89	10	-1686.112475767422	133.3421517490368	-1465.9537656982395	-1913.9446251136992	3560000
1362.3508491516113	90	10	-1643.068897731669	115.32008999916445	-1488.8642500102917	-1824.690508124792	3600000
1372.8168914318085	91	10	-1639.2735964193594	171.1793674812079	-1337.8091709355476	-1877.9666722045074	3640000
1384.228215932846	92	10	-1677.005486035208	84.47991604444333	-1542.0143069736393	-1824.807715443003	3680000
1394.6263902187347	93	10	-1728.235996239087	115.80329124502782	-1542.3531216988556	-1873.6056518829478	3720000
1404.8676753044128	94	10	-1611.1704325095216	126.96439091372481	-1390.3946513222788	-1858.2636767344306	3760000
1414.6348323822021	95	10	-1600.709194021776	172.91080487838428	-1167.9272102740322	-1886.5591175436955	3800000
1424.481493473053	96	10	-1549.713781984643	176.93711313859328	-1309.2370448776423	-1819.6630119772603	3840000
1434.4881064891815	97	10	-1629.8364593698977	168.38265914747961	-1213.1045287049508	-1808.1265275357725	3880000
1444.641354084015	98	10	-1506.6825956267862	218.20170670857124	-1263.0499407335099	-1866.631892555596	3920000
1455.2236802577972	99	10	-1525.8390539288466	192.77989468552624	-1224.4612800901202	-1742.4448782632355	3960000
1465.3269460201263	100	10	-1547.6134952577681	159.17319104726516	-1338.5006668089716	-1796.4612469574522	4000000
1475.6538004875183	101	10	-1562.7379344717938	221.45695849613062	-1024.4762648733185	-1794.7090856739133	4040000
1486.1459066867828	102	10	-1536.9098977039525	107.84328378375706	-1341.0270990910483	-1688.5633580150652	4080000
1496.9767575263977	103	10	-1634.8733815922212	96.64931031581278	-1502.6539075159917	-1772.5298156760466	4120000
1507.565794467926	104	10	-1629.8103371221048	122.42753473722459	-1346.329771777483	-1781.3594306483667	4160000
1517.4183542728424	105	10	-1575.461237135059	181.44841323272496	-1282.4799251626432	-1821.792708640414	4200000
1527.6237409114838	106	10	-1637.959240810812	157.45004733656904	-1420.7661303721209	-1832.6264731807616	4240000
1538.884296655655	107	10	-1620.8972194743533	152.35418539312695	-1298.0538906753275	-1788.59796088572	4280000
1549.1859245300293	108	10	-1500.2724181712024	138.28278333857662	-1240.8866695322754	-1732.6775517878848	4320000
1559.6022033691406	109	10	-1454.806293046856	204.49590162199806	-1181.851161034328	-1764.4466131222673	4360000
1569.898894071579	110	10	-1501.4885157803717	151.93259604485047	-1248.883926964299	-1716.5153949999851	4400000
1580.3333394527435	111	10	-1481.0260774145445	174.02451996335066	-1170.9417591046342	-1725.4967944132527	4440000
1591.0157959461212	112	10	-1529.3376105012865	182.19634995416246	-1146.938940816636	-1704.7766006296865	4480000
1600.6125283241272	113	10	-1540.4208445985648	115.59612711373505	-1369.9647116701726	-1690.5326524884779	4520000
1610.7432544231415	114	10	-1531.189505867938	192.96092051142304	-1229.3624200367422	-1729.7643830940056	4560000
1620.9424736499786	115	10	-1521.1316503312828	159.84841911820862	-1234.751121230576	-1690.9061946848014	4600000
1631.055734872818	116	10	-1537.1090279537152	128.41947418863433	-1261.3530797487913	-1656.6517941993477	4640000
1643.6361038684845	117	10	-1511.6578821062208	130.98268149361434	-1280.4678713971084	-1650.865220854523	4680000
1653.8227064609528	118	10	-1471.86684152358	148.91951039961697	-1295.1113181661292	-1678.3316807876447	4720000
1662.902994632721	119	10	-1432.966698761566	128.6999918118865	-1151.4636259350805	-1612.4847617699131	4760000
1673.0969338417053	120	10	-1505.3347245282682	131.31650242594094	-1227.8120606380935	-1651.41307761982	4800000
1683.3296558856964	121	10	-1473.961121527942	157.37661316655232	-1190.973869125859	-1668.9480607068629	4840000
1693.0715200901031	122	10	-1405.1709125577036	143.3835149918352	-1099.9058749219523	-1651.3502561019068	4880000
1703.8804426193237	123	10	-1460.1796753706808	137.01600662570405	-1297.5781157014064	-1651.8760597556768	4920000
1714.8649077415466	124	10	-1444.8677498259653	162.92950809664285	-1198.360626725903	-1703.1987519259096	4960000
1725.8165788650513	125	10	-1582.1997527058618	141.04062329267788	-1222.0741104955123	-1691.6639665539662	5000000
1736.827507019043	126	10	-1504.400176657176	149.1109917328132	-1266.701361246002	-1693.229570082288	5040000
1746.9044756889343	127	10	-1507.8707324919237	145.8304200423802	-1280.4225422119735	-1704.7715453583728	5080000
1756.2681858539581	128	10	-1556.7925932662645	112.43148016574402	-1327.8063709304517	-1711.5495825210246	5120000
1765.8630049228668	129	10	-1596.4326478395128	139.327706575813	-1300.5607982633244	-1747.1868144838409	5160000
1775.5752155780792	130	10	-1598.4792619995603	122.03928831676299	-1317.47472442997	-1713.1172574789637	5200000
1786.1127247810364	131	10	-1503.7226693678406	130.71802443253532	-1290.1505244037423	-1678.6170308535363	5240000
1796.9483454227448	132	10	-1585.594754379827	124.4678952482987	-1337.8345956430426	-1705.7775809896898	5280000
1807.4820261001587	133	10	-1503.6759877704076	179.69239038116018	-1061.3540312271966	-1695.809302285787	5320000
1817.6136820316315	134	10	-1545.1344266709045	146.62577883329143	-1291.076363047585	-1680.408395593249	5360000
1827.5893437862396	135	10	-1447.0271373624728	121.02623175560909	-1290.8064050754106	-1659.7960406958316	5400000
1838.2392919063568	136	10	-1623.122305347139	158.83258767754003	-1256.895754806145	-1763.0610505222116	5440000
1848.0111322402954	137	10	-1451.583211389322	195.20647494846577	-1101.5820394406753	-1694.566780641086	5480000
1858.5414340496063	138	10	-1510.5912136219274	247.37514953949938	-1050.964013534151	-1749.7435587351215	5520000
1869.7693011760712	139	10	-1187.2020579457374	342.8325009245077	-767.8327350461614	-1759.874200559638	5560000
1880.8592782020569	140	10	-1463.2271475994044	244.7962374132414	-986.3669866564438	-1757.1898987563234	5600000
1891.5182826519012	141	10	-1510.3487507626128	179.14355881249566	-1247.9985825910167	-1740.9059432913414	5640000
1901.7272469997406	142	10	-1379.5602530394747	163.8461070788331	-1101.9665248441172	-1681.4218946009548	5680000
1911.472312927246	143	10	-1463.1446448160682	188.38269454329426	-1136.7083270746564	-1715.6615872060177	5720000
1921.5647511482239	144	10	-1532.3339462456956	187.22304497787312	-1203.4370180825301	-1726.1970287400363	5760000
1933.274563550949	145	10	-1467.3930094587852	150.1816788816255	-1232.9053851711615	-1678.3173274779901	5800000
1943.6573810577393	146	10	-1401.72027538197	248.43091018830384	-791.6459312949509	-1701.5558237647438	5840000
1954.2407810688019	147	10	-1427.743185602199	242.3837141981299	-994.9744791114035	-1710.9409760736883	5880000
1964.329665184021	148	10	-1367.1091554392224	293.02507754982696	-861.0614142053571	-1742.4634742910507	5920000
1974.6445226669312	149	10	-1334.4907607190155	275.67906688768613	-978.4800233905298	-1731.2367081294901	5960000
1984.5378060340881	150	10	-1406.2400174878176	219.36794136945426	-985.9265323332803	-1750.5846846686811	6000000
1995.4339220523834	151	10	-1320.3719735777106	228.29944156094723	-987.6375019828308	-1726.4426186112216	6040000
2006.5308682918549	152	10	-1323.5681391270282	210.22586353853617	-1036.7240495754822	-1745.7861546229756	6080000
2017.6610991954803	153	10	-1273.994245498648	250.44090961760554	-934.0146877504716	-1699.873873502216	6120000
2027.6093158721924	154	10	-1416.2838658881215	208.3783859469343	-1005.9829186609057	-1654.203723658708	6160000
2038.0918157100677	155	10	-1408.7066415230697	235.8876087485475	-1029.7079585677568	-1665.3559208217268	6200000
2048.368514060974	156	10	-1220.9044358885997	236.8128115016811	-800.0259463141607	-1584.0443006751348	6240000
2058.6193675994873	157	10	-1294.6898852619265	205.6735045236715	-1001.6494291196432	-1647.453183256336	6280000
2069.123697280884	158	10	-1349.738157006216	220.673019903554	-997.3907879536749	-1681.931100906973	6320000
2079.29469704628	159	10	-1229.0487741461952	286.14399968172285	-812.3079277611483	-1695.6501731419512	6360000
2090.0192601680756	160	10	-1275.0064389082847	287.53462321416185	-847.7066673694026	-1691.2055966163618	6400000
2099.756660938263	161	10	-1345.0535043567422	204.04388909226503	-1004.9934909726886	-1652.4334627817545	6440000
2109.7571341991425	162	10	-1375.2537110754736	243.8632875491978	-947.7799685967867	-1675.6513418517693	6480000
2119.809497356415	163	10	-1237.6179990336293	222.96030844940336	-806.0941408146031	-1568.9710523925628	6520000
2129.889545917511	164	10	-1244.964981978977	225.47522600078636	-937.5867983201298	-1679.891413900554	6560000
2140.28497171402	165	10	-1102.7861325158067	106.82762210576718	-936.0285813736054	-1243.9986436859588	6600000
2151.0949308872223	166	10	-1253.7956121466182	251.44916612792989	-864.3888402116039	-1590.590129062381	6640000
2162.1484882831573	167	10	-1258.2107635421798	176.2873346976125	-1058.0038802614827	-1584.9029763661374	6680000
2172.349333524704	168	10	-1213.425362184395	158.04412485685307	-1032.4607045671908	-1566.9256483434071	6720000
2182.5158977508545	169	10	-1257.540391108667	235.0994060014879	-947.7254723052954	-1577.884970278968	6760000
2192.40740942955	170	10	-1218.1854236797676	281.18635293254556	-838.0706597353435	-1570.281624611389	6800000
2202.158467769623	171	10	-1345.9520441297234	175.93932237813982	-1111.9127785306327	-1605.8760833867784	6840000
2212.212126970291	172	10	-1375.9308424829665	225.94243207815816	-1013.9336497540178	-1579.8146467520162	6880000
2222.2487876415253	173	10	-1357.2709119049073	197.00664669415852	-1031.379256392004	-1575.1097217341562	6920000
2232.403285741806	174	10	-1327.2944495307415	198.42305598331947	-952.646385348243	-1570.7720656809392	6960000
2243.01540184021	175	10	-1294.220601323631	201.064987651729	-1030.7508865130503	-1582.1218316874317	7000000
2253.7562186717987	176	10	-1331.6804605401371	186.85216350478996	-1071.679824660506	-1571.1163348697046	7040000
2263.9015390872955	177	10	-1383.378969626467	186.97066803738502	-1013.1166511479282	-1592.8165009979457	7080000
2274.6076276302338	178	10	-1257.3254084929727	143.40046819996394	-1103.4601359570115	-1548.3091177848648	7120000
2284.889527320862	179	10	-1296.4824102093703	227.13881220606729	-1010.3657262024395	-1590.1812720164003	7160000
2294.924560070038	180	10	-1342.7122523783255	260.347207100773	-740.7265443208753	-1566.2037444783457	7200000
2305.2589042186737	181	10	-1412.7448145868968	141.2669183865852	-1181.5608038007747	-1552.1418300126559	7240000
2315.26278090477	182	10	-1467.9615170764216	61.147463913164735	-1367.3884746392223	-1548.1636689107968	7280000
2324.957527399063	183	10	-1440.4053635328207	89.18345968383082	-1241.31510504645	-1533.6326195240088	7320000
2335.9546666145325	184	10	-1424.9762984224958	100.91284711075207	-1245.4325731451922	-1527.3131749279748	7360000
2346.1558673381805	185	10	-1416.7942087774948	104.11071605894602	-1281.1410201288734	-1555.8880500882656	7400000
2356.0260577201843	186	10	-1480.5750663761264	76.84113345150465	-1306.0160562328324	-1543.5007898935778	7440000
2365.8702976703644	187	10	-1468.1219106442063	62.856900510764284	-1352.9707550222429	-1538.604901383232	7480000
2376.081810951233	188	10	-1383.9090107008308	86.47965840563496	-1227.6746569280724	-1558.8882542820256	7520000
2384.7363364696503	189	10	-1434.28143455693	78.11995919816492	-1320.6276278235732	-1537.9979202357692	7560000
2394.8557081222534	190	10	-1444.067502072688	83.41200105349417	-1263.0182812123815	-1541.332517726067	7600000
2405.167375802994	191	10	-1460.8574934216726	83.62023657237013	-1305.9586100316953	-1541.4133776256513	7640000
2415.556798696518	192	10	-1466.148479473227	91.32001667174251	-1301.634756988159	-1562.6072986073514	7680000
2425.4753963947296	193	10	-1455.6297899177434	93.95556290256178	-1259.1423979075284	-1555.5672234024698	7720000
2435.700947523117	194	10	-1463.5215472612886	99.35972931497501	-1264.7323076947864	-1543.3245191061567	7760000
2445.5622680187225	195	10	-1448.2705777306376	74.16426495606254	-1322.2026582227436	-1551.6405940731686	7800000
2455.871424674988	196	10	-1423.3389794993589	131.3594598109758	-1135.7759546656212	-1552.0985504288983	7840000
2465.894690513611	197	10	-1449.8136959832636	116.83415563319585	-1197.490135210731	-1544.2910515750389	7880000
2476.264230966568	198	10	-1453.6444212028969	87.16560774538515	-1246.037637027064	-1541.836621212416	7920000
2486.6721065044403	199	10	-1452.9147652499382	115.0064860362865	-1232.0729727899231	-1545.2523098814424	7960000
2497.476881980896	200	10	-1412.2952017462324	130.716129435399	-1117.3932142499148	-1541.4747457812457	8000000
2508.554486989975	201	10	-1355.7913187769875	248.75253066644234	-661.1134554962774	-1536.0551302778824	8040000
2518.679722070694	202	10	-1393.6158392969396	226.29379735326503	-798.9128856520898	-1552.5022032020433	8080000
2529.199760198593	203	10	-1360.0273642714308	249.1039861070012	-660.4067508974825	-1537.130929153152	8120000
2539.6371450424194	204	10	-1415.9476159957244	80.57918335682062	-1212.885213064808	-1542.9497005958322	8160000
2549.5901641845703	205	10	-1420.0063673049237	120.9279945061979	-1142.0460319445813	-1552.7322186035742	8200000
2560.847223997116	206	10	-1490.7389696639805	70.33390313334439	-1301.8455040428437	-1546.5644234269632	8240000
2571.1370618343353	207	10	-1415.7485984520154	80.69649934989509	-1315.6336053237283	-1530.1416031475346	8280000
2581.5899822711945	208	10	-1469.7041053609732	53.36481483558685	-1372.9443839509017	-1536.0073187749815	8320000
2591.8124647140503	209	10	-1495.7980013992888	36.91310885253285	-1409.636807094022	-1539.3563826228317	8360000
2601.824330806732	210	10	-1412.5225666715355	109.15113318857298	-1175.4760504851838	-1553.2984824139367	8400000
2611.9137456417084	211	10	-1492.1068902210216	57.52398988060904	-1372.3916208234962	-1552.509541098674	8440000
2622.380847454071	212	10	-1436.3088059104425	95.52309934838699	-1289.3097894305663	-1537.9514642508027	8480000
2632.3063654899597	213	10	-1419.342697835113	87.45728357239422	-1279.2902827337614	-1532.9835271652369	8520000
2641.985138654709	214	10	-1444.090524626146	75.61289889326268	-1245.0063651500068	-1529.4096832316552	8560000
2652.02428150177	215	10	-1450.4722413518832	92.42097676411966	-1267.1211297594964	-1558.0542781641975	8600000
2662.28546833992	216	10	-1452.5930672693737	71.96516614266159	-1312.348590783775	-1551.212594895634	8640000
2672.448961496353	217	10	-1480.134276418216	59.138285782784884	-1368.945561404026	-1542.4459690712706	8680000
2682.8334500789642	218	10	-1444.3675724312848	94.15500750058342	-1258.748490866027	-1560.426651628863	8720000
2693.714118242264	219	10	-1477.0988693110942	76.14336740335148	-1298.7760897893277	-1542.321957691807	8760000
2704.5012383461	220	10	-1491.3876875275	58.368576096275014	-1358.0795988370126	-1536.1729050430215	8800000
2714.518485546112	221	10	-1431.610524926663	72.92402208543486	-1310.2074200746756	-1534.1973726475003	8840000
2724.9424374103546	222	10	-1431.5861160296704	87.60987905409196	-1256.7106881325728	-1532.8948611018507	8880000
2736.14253115654	223	10	-1423.831249343832	101.11222761039846	-1240.263936297464	-1526.7531434381224	8920000
2746.609041452408	224	10	-1465.9898196421343	73.81363549535378	-1331.924223836134	-1548.4347301094142	8960000
2758.0933606624603	225	10	-1502.953652131969	37.52071481723938	-1437.6431953582974	-1551.621476765173	9000000
2768.2998650074005	226	10	-1461.5537858406412	86.83959920661599	-1319.0321958407408	-1566.1220835889571	9040000
2777.782000541687	227	10	-1452.6816021317022	92.75345003732184	-1263.3006297913716	-1590.134460043115	9080000
2787.371948480606	228	10	-1528.3037027266266	85.90486073818424	-1321.247322287326	-1612.2583924171424	9120000
2797.385019302368	229	10	-1601.3283545145703	70.65474271554415	-1443.73034811306	-1666.262152667794	9160000
2807.489445924759	230	10	-1522.3269167597696	88.83148418417656	-1414.5508641593174	-1710.6010628127194	9200000
2817.658113718033	231	10	-1547.3831964860642	128.80091309226276	-1405.5870306423571	-1722.9971382574047	9240000
2827.5313107967377	232	10	-1571.1895840743182	109.45121819518936	-1351.9570663847585	-1701.0130068111123	9280000
2837.1458394527435	233	10	-1624.1999130516801	97.5029892654276	-1424.1226676136298	-1731.4420877701546	9320000
2847.885781288147	234	10	-1570.2012869215584	66.87263045353069	-1418.7699768913233	-1680.965868359437	9360000
2858.6273267269135	235	10	-1554.5774325086336	91.76856091465864	-1381.6272489165056	-1692.089177383889	9400000
2869.011582136154	236	10	-1601.6177569502784	66.3260405696807	-1474.8022060584358	-1690.8092205477117	9440000
2879.8912110328674	237	10	-1558.820668225119	112.7634614116473	-1287.7625828822347	-1693.6217987132234	9480000
2890.658403635025	238	10	-1499.0335262565566	128.63079714481776	-1230.5143439515084	-1624.9976100556376	9520000
2901.1337401866913	239	10	-1533.6048430024862	72.84081653491903	-1450.0149813045275	-1636.6849440546946	9560000
2910.867710828781	240	10	-1536.9057008532022	120.48825463545022	-1278.263691082539	-1660.891087408579	9600000
2920.397892475128	241	10	-1498.1792357388506	91.45139891790795	-1324.9084824193733	-1613.4720887159451	9640000
2930.5921177864075	242	10	-1555.4708622981664	94.93935871450893	-1375.9485837034595	-1657.0614729597398	9680000
2940.2556977272034	243	10	-1508.908192175865	89.99054637363372	-1344.2122832671755	-1636.4810683955372	9720000
2949.7566504478455	244	10	-1441.576594316274	91.38731158522864	-1305.6407633911685	-1593.3896957470743	9760000
2959.5373005867004	245	10	-1559.553065040587	51.39689565704954	-1415.6237279812751	-1617.061853841139	9800000
2969.1230659484863	246	10	-1499.1231728064272	92.94109849152261	-1314.2887839465025	-1592.130763521802	9840000
2979.115912914276	247	10	-1521.0704797801122	91.36839215262717	-1373.7935904606502	-1646.3625852751234	9880000
2988.9517402648926	248	10	-1499.646581395594	79.2331590618101	-1388.863399900165	-1625.9500101796466	9920000
2998.9232482910156	249	10	-1513.5991574009463	77.73111334849115	-1362.2020722211792	-1590.1495670345125	9960000
3008.9198405742645	250	10	-1415.3122824551078	120.01355593660689	-1207.9087528069506	-1594.9312758966585	10000000
3018.724491596222	251	10	-1499.8513840327753	58.05003264245111	-1403.5256184448797	-1581.37354087431	10040000
3028.6666707992554	252	10	-1424.1329587729465	100.04039603509356	-1253.9572527557605	-1564.2488798946715	10080000
3037.973785161972	253	10	-1493.6399229067454	97.73031648013608	-1263.3013663563747	-1589.0562381107884	10120000
3047.2730934619904	254	10	-1515.7957957591566	49.1807030493489	-1407.7880617901344	-1559.7623566228385	10160000
3056.85631775856	255	10	-1442.4926755588972	68.4127750641418	-1370.3190735360931	-1544.3894173477745	10200000
3066.2718698978424	256	10	-1455.4839857240127	92.27482966307464	-1270.9253388423226	-1538.1467844962147	10240000
3075.478884458542	257	10	-1487.7710154864924	51.72353649559367	-1391.1019896032665	-1553.635496170805	10280000
3085.488733768463	258	10	-1444.4350647759318	58.83518018143313	-1364.5047469144538	-1529.8252342334579	10320000
3094.8872838020325	259	10	-1439.1795119945077	91.16662986684133	-1270.8350145756979	-1535.0233248029128	10360000
3105.29514837265	260	10	-1492.2516214036166	68.92631823061767	-1323.9520375059692	-1565.5756969544188	10400000
3115.1007385253906	261	10	-1385.1447482744124	229.64838825234418	-793.964846620534	-1556.838300939056	10440000
3124.9379806518555	262	10	-1377.5331414692203	212.99005460455143	-792.8981307360589	-1573.9460051739618	10480000
3134.687726020813	263	10	-1369.5859437744004	175.1704685380937	-932.563375137365	-1556.8476827855234	10520000
3144.5858902931213	264	10	-1504.1321012351964	61.230823008665574	-1352.9976127088657	-1547.0641735693437	10560000
3154.327221632004	265	10	-1491.1644960776653	86.30491675094116	-1348.8607739276488	-1592.7855438597326	10600000
3163.774920463562	266	10	-1519.886248164975	82.48907022340092	-1352.962466915893	-1618.0065172120082	10640000
3173.2058384418488	267	10	-1387.9987633000571	224.72404704453672	-943.6378468778177	-1579.2498317064817	10680000
3182.7068495750427	268	10	-1427.4139569311742	198.0387692860077	-1057.8686052785067	-1615.1970721947398	10720000
3192.2889511585236	269	10	-1500.8732709896171	73.56683716850925	-1321.2497263376442	-1565.8935058374893	10760000
3201.642184495926	270	10	-1377.188415933546	195.11910943204114	-1081.5158468182867	-1601.311124672422	10800000
3210.786789894104	271	10	-1430.0329768418019	170.00738279772165	-1118.5173608960556	-1620.9698923578267	10840000
3220.468207836151	272	10	-1501.4290235477697	148.5667131607587	-1127.784393265523	-1620.8671103202432	10880000
3229.4433736801147	273	10	-1506.0647787158864	88.91665944221377	-1302.2956974206654	-1589.585618663632	10920000
3239.0011608600616	274	10	-1397.348295497429	160.43990897927432	-1157.8144754047703	-1606.0412981830077	10960000
3248.1637597084045	275	10	-1358.5257120477086	165.82146748921323	-1157.0307090127903	-1579.7093345676296	11000000
3257.6814613342285	276	10	-1404.6830443598224	147.29197845545835	-1142.6022459187102	-1589.2408736642142	11040000
3267.9387114048004	277	10	-1444.179299609424	143.76180636391047	-1262.0687644046577	-1602.2571700747278	11080000
3277.8031351566315	278	10	-1401.7123988803996	121.59824321720212	-1281.4855245831754	-1573.1245604089606	11120000
3287.268786907196	279	10	-1330.5789941795035	118.57627970439523	-1188.826686498271	-1563.8989737359625	11160000
3296.7202248573303	280	10	-1464.7795361058193	125.2846780964897	-1127.1672045630678	-1567.234067104409	11200000
3305.7997610569	281	10	-1453.195735932014	122.84592056273631	-1183.9177602286516	-1560.1196343811928	11240000
3314.940499305725	282	10	-1344.701142676328	110.26537806556156	-1194.403023176899	-1542.633452412109	11280000
3324.471389055252	283	10	-1426.7596653300666	115.56556892844864	-1190.6368524247098	-1559.5099406618085	11320000
3333.6548931598663	284	10	-1444.001282940335	140.99116765480008	-1131.8885551883816	-1559.2937728868692	11360000
3342.457991838455	285	10	-1471.8520759693693	95.82394411136599	-1268.2560619977316	-1558.9371023402105	11400000
3351.731863975525	286	10	-1438.2219164518085	159.83289979228883	-1133.2814170560216	-1561.2780730749453	11440000
3361.225764274597	287	10	-1361.8699131968401	123.3150257276368	-1177.6329135296337	-1559.411474396409	11480000
3370.5622737407684	288	10	-1425.483586317903	105.16957874184934	-1192.2931198821166	-1549.3241632843467	11520000
3379.9912145137787	289	10	-1423.0913441666173	80.6246920479074	-1321.9466868542122	-1548.4751032192728	11560000
3389.220162153244	290	10	-1411.5195644510234	95.53152149103454	-1292.6565184268406	-1550.4415258630038	11600000
3398.6860580444336	291	10	-1386.0589637261653	74.05707632994064	-1217.712608248301	-1517.7068545327122	11640000
3408.068870782852	292	10	-1447.2206805497099	73.45094261287673	-1342.7049700171601	-1549.7374248215708	11680000
3417.6075654029846	293	10	-1422.7743647751236	109.07942838026086	-1226.1232705564537	-1534.6072892326042	11720000
3427.499694108963	294	10	-1415.6278755218798	76.00895088149949	-1294.1359615792376	-1541.03965180674	11760000
3437.3942172527313	295	10	-1414.1457432461812	78.7671424979295	-1285.9680063271699	-1538.4127462808988	11800000
3446.6903264522552	296	10	-1437.519949402118	87.32913657199859	-1323.9995381960732	-1548.2289056517589	11840000
3455.972359418869	297	10	-1417.2242888127628	118.21051876662256	-1132.5791081862742	-1551.7075642810003	11880000
3465.6914718151093	298	10	-1416.169781295922	138.24597242260407	-1213.5634324118741	-1556.3516896592841	11920000
3475.632286787033	299	10	-1417.143494592436	128.29346081819355	-1149.166849121766	-1552.0227697169173	11960000
3485.4196841716766	300	10	-1393.3830645989974	95.16630618294585	-1242.8606146934894	-1550.618899392056	12000000
