Time	Iteration	Evaluations	AverageReward	StdRewards	MaxRewardRollout	MinRewardRollout	timesteps
106.20182776451111	1	10	-1159.6934011533663	251.80464302918216	-518.325497558255	-1477.1646561145417	40000
117.3884117603302	2	10	-1450.9059956976096	380.7494449736922	-493.52099213033495	-1812.7791748657394	80000
128.45851755142212	3	10	-1142.3649191758573	436.9369509055897	-503.40043864323536	-1859.3342044211618	120000
139.79650354385376	4	10	-1162.8194398872508	361.5680693436513	-503.21234641432164	-1553.462746788521	160000
153.64225339889526	5	10	-1328.0780577387243	333.4107768199187	-748.292496080105	-1777.443293451871	200000
165.9907512664795	6	10	-984.658034826811	337.3965670819551	-480.0342398974591	-1463.1051420913552	240000
178.0854606628418	7	10	-1344.9892791520083	288.3657644326577	-864.754025938391	-1785.0836581497736	280000
188.63783645629883	8	10	-1232.4849432917006	394.4726065394204	-503.9367392494167	-1590.4252835777343	320000
199.2650601863861	9	10	-1026.9709767085835	453.4225882005603	-550.7217865880746	-1895.1974184905048	360000
210.24069690704346	10	10	-1214.974519661219	391.7241339395786	-627.126063738889	-1825.6846869008568	400000
220.2929127216339	11	10	-1033.0985730391128	320.8590759554328	-620.3691723324342	-1779.697742466821	440000
231.46610283851624	12	10	-1221.316128915355	398.16471694587966	-629.310122174105	-1829.964070016137	480000
243.3342080116272	13	10	-1113.8139963552812	274.42917924860444	-628.1539352176567	-1481.765721334398	520000
256.12996435165405	14	10	-1022.2891757061859	309.14399530981876	-557.2931081035657	-1602.625010661445	560000
266.86249828338623	15	10	-1098.6174328249294	263.3697209427531	-605.5077931510133	-1607.9409123103817	600000
276.97106409072876	16	10	-1068.4290167941203	346.5917269245619	-509.37830568887074	-1549.145372839503	640000
288.33064103126526	17	10	-1415.059654040669	259.22783440001774	-969.6276657592789	-1781.4225155864674	680000
299.05685329437256	18	10	-1161.305217746738	283.7762352707001	-626.8632047019369	-1579.4504522706272	720000
310.501473903656	19	10	-1287.6625212994536	352.5517732153779	-749.0490674424663	-1863.3853448333493	760000
321.08335995674133	20	10	-1209.7295369802791	261.2623408005153	-628.6969735522609	-1511.86833751399	800000
332.5511784553528	21	10	-1159.7610856418653	474.65975385658885	-624.5144715300012	-1796.6284075914118	840000
345.8685185909271	22	10	-1226.9167161779988	319.9677318129368	-628.818141742034	-1613.4805827329224	880000
358.5761296749115	23	10	-1249.6285095446817	311.1151372423704	-630.563347660911	-1664.8879480778257	920000
370.1302583217621	24	10	-1077.1499947745065	328.70846772672513	-627.224139692212	-1649.2296838088264	960000
380.8536615371704	25	10	-1370.8434852959488	302.3706211769053	-863.1743961929875	-1877.7815050242377	1000000
391.755784034729	26	10	-1375.0375257820074	368.29172922748137	-839.8083407104889	-1809.8593981696094	1040000
402.3790102005005	27	10	-1121.993601938618	421.25010051438704	-517.7892682144184	-1822.0709161425686	1080000
412.583781003952	28	10	-1269.0875979761345	324.453026978057	-628.1635427180263	-1787.5812745704457	1120000
424.0132257938385	29	10	-1372.536411218042	279.75867560335604	-1039.194230920438	-1854.6914430438642	1160000
436.6695613861084	30	10	-1216.5084383423296	370.4793596498941	-657.3996564528447	-1755.8110029950585	1200000
450.5852291584015	31	10	-1196.1926604003988	366.61908687723974	-609.5098959298315	-1559.9697341290946	1240000
462.76600670814514	32	10	-1324.180374605044	253.28363301934357	-1049.180699447512	-1862.754515893087	1280000
474.3314230442047	33	10	-1270.001434639437	304.3078684564548	-615.3435334353392	-1727.7641138757824	1320000
485.87244057655334	34	10	-1412.5225455133714	298.301723137726	-879.2500313407274	-1829.5247754689274	1360000
496.3053402900696	35	10	-1227.8133193940012	408.64155623344146	-748.6272098171511	-1885.1343150508692	1400000
507.62000489234924	36	10	-1364.5430201472857	165.18356891553404	-1158.828389565961	-1665.2557773454787	1440000
518.0167722702026	37	10	-1317.9069364394586	198.799742319683	-980.9247487155576	-1623.726780831073	1480000
529.3241329193115	38	10	-1467.8593835359504	364.76011949405705	-748.1936064024292	-1937.875801593922	1520000
543.2155866622925	39	10	-1154.970951336375	398.9784749890336	-751.9026791684711	-1880.7156505804198	1560000
556.2736508846283	40	10	-1115.8992670215123	468.2821116798581	-623.6264495464425	-1888.5367845983149	1600000
568.0874402523041	41	10	-1238.4631793249926	277.3672554923543	-748.6075103984814	-1895.442786589404	1640000
579.0141112804413	42	10	-1231.473226600935	397.4111669327697	-632.9073516694456	-1930.6234576253694	1680000
589.3935096263885	43	10	-1149.4089371546427	417.0251823460763	-635.8883970853964	-1857.8312878585143	1720000
599.9204647541046	44	10	-1274.6554304723297	399.4337462283599	-632.5431736739572	-1794.9897814619862	1760000
611.0941104888916	45	10	-1191.8730482929404	361.46191155493403	-632.536847885386	-1859.4740627554909	1800000
620.9747767448425	46	10	-1202.6554838774682	420.47047413429834	-627.722675420482	-1882.1611877007215	1840000
631.1892042160034	47	10	-1330.9400468927456	252.0001545836458	-969.8023594983414	-1679.255060094622	1880000
641.4084937572479	48	10	-1204.99010929522	401.22944928581865	-722.9763788696863	-1860.216285400196	1920000
651.6619169712067	49	10	-1277.5065951652753	263.50489935336105	-773.2200950905896	-1768.7682248992803	1960000
664.0378670692444	50	10	-1310.8586399674282	311.8015423242727	-623.3943699812044	-1601.3484116128666	2000000
677.911523103714	51	10	-1328.5511967519528	300.42313678409266	-899.2973645781047	-1853.9688207123959	2040000
689.3922755718231	52	10	-1202.6437188993573	157.57873157630706	-858.9795804609478	-1402.336253415274	2080000
700.2946176528931	53	10	-1055.2659523843613	318.147904741562	-631.3587155764085	-1587.0280627917084	2120000
710.9154226779938	54	10	-972.4241494452137	250.97796561436274	-501.53875220065635	-1393.1980194609362	2160000
721.7955546379089	55	10	-1172.6451015546427	484.29661184862044	-541.4149996610153	-1784.0075023282627	2200000
732.5353798866272	56	10	-1109.618024504687	214.14482648086883	-717.3140162670676	-1544.2485228186172	2240000
743.2116298675537	57	10	-1158.6809897622584	373.21850445591826	-632.0818056441268	-1762.2524454545526	2280000
753.7826089859009	58	10	-1020.5627689996687	231.565240348854	-503.51184316035364	-1430.1458788406414	2320000
764.1434984207153	59	10	-1106.9279361443341	345.06168870329776	-633.7779171153013	-1696.333579498444	2360000
774.8268439769745	60	10	-1268.2740238704575	312.8853731625867	-751.7121416768147	-1752.991069668324	2400000
785.922034740448	61	10	-994.4602085760273	348.8116714146383	-505.6999000692312	-1622.6269898140883	2440000
796.0972528457642	62	10	-1084.760888285132	309.91591023803045	-556.1670197606255	-1513.9683831996463	2480000
806.7128200531006	63	10	-1218.1973021670472	347.0937203986674	-625.5147181744711	-1841.172155347991	2520000
817.5125067234039	64	10	-1316.11266715728	326.0702324604674	-859.5629856870162	-1945.5368982707519	2560000
828.5104751586914	65	10	-1226.2691518417316	344.4610440135129	-615.2425751281554	-1805.5113854757271	2600000
840.4954941272736	66	10	-1074.1176567426917	328.11230913255594	-745.1487549234894	-1722.4044664357036	2640000
851.6238894462585	67	10	-1043.7950163941346	325.3479801115296	-542.1562993605795	-1618.5479373351955	2680000
862.6810238361359	68	10	-1290.0603666170246	329.10377025844684	-629.1178209879247	-1861.3537030736084	2720000
874.0276107788086	69	10	-1202.6776519034734	345.1740228430311	-626.8257470305134	-1683.6127463486507	2760000
885.0670952796936	70	10	-1142.2298342764516	207.23356019619303	-862.6724004805213	-1437.0492221238528	2800000
895.4711005687714	71	10	-1302.6627857724325	340.59126136988004	-632.176480876928	-1731.0241144035142	2840000
906.1907680034637	72	10	-1135.4060062422227	338.47243991364184	-629.5506858549008	-1699.5707961007156	2880000
916.815003156662	73	10	-1133.3220371879927	365.2958539074071	-509.2372583873652	-1691.3005427659114	2920000
927.676097869873	74	10	-1260.5037821368628	378.9599047719538	-695.4509561537442	-1836.8429138406882	2960000
938.170211315155	75	10	-1133.521825301112	268.3491179509842	-623.3334455592778	-1567.8527829098002	3000000
948.7855501174927	76	10	-1283.6412907062452	377.2162410749548	-503.9498334048433	-1836.4842202273312	3040000
959.4180684089661	77	10	-950.6918848212921	233.8951863543851	-636.5764109166238	-1491.5236783007388	3080000
970.0110397338867	78	10	-1270.2927096757046	354.99238660943854	-753.8026499713415	-1787.493698705081	3120000
980.5332090854645	79	10	-1131.2443423770503	239.53740583592926	-609.8542855887639	-1446.5758926666526	3160000
991.1556060314178	80	10	-1011.0114432956082	222.36550616847495	-637.0502102201763	-1292.3783564789574	3200000
1001.867333650589	81	10	-1276.2835973096885	306.49779366403374	-627.3854676152645	-1678.3436614084917	3240000
1012.3751709461212	82	10	-951.6864605874844	320.0648027126405	-502.5800290512347	-1575.0756001887153	3280000
1022.5057752132416	83	10	-1190.2287052667305	323.104143345345	-618.308589116247	-1625.0114594972886	3320000
1033.1506814956665	84	10	-1168.9848176444398	385.31470056443453	-504.7299083003797	-1757.8226466692322	3360000
1043.2302680015564	85	10	-1276.7367266856293	303.00944454350264	-845.0469252597545	-1905.0117670064951	3400000
1053.365983247757	86	10	-1062.1128150349446	151.19514787125703	-748.2061352593727	-1252.4417212941107	3440000
1063.2916865348816	87	10	-1276.3218154714236	289.21866535179	-900.7488763647171	-1751.2656547962126	3480000
1073.1310992240906	88	10	-1186.9034507256795	396.0648019071415	-644.9384492202169	-1708.807659333597	3520000
1083.3132617473602	89	10	-1253.7922290341228	343.1586124100347	-627.2143813977518	-1849.3407624457468	3560000
1093.3627099990845	90	10	-1098.102476200125	315.11749327550683	-626.8619498763409	-1595.2129191644733	3600000
1103.5367639064789	91	10	-1208.6762291963803	375.19428564693817	-573.9138315013724	-1832.4493852130072	3640000
1113.081554889679	92	10	-1230.7812409650817	216.16512117336595	-863.6352546326087	-1595.5714537725044	3680000
1122.827939748764	93	10	-1349.421463539296	381.2295624149311	-630.6685223336351	-1868.371136297815	3720000
1132.4209818840027	94	10	-1068.7850892399338	360.19626940304147	-509.746218387826	-1779.5905253478043	3760000
1142.4219632148743	95	10	-1243.080487067573	293.70712340346563	-641.7547336246645	-1901.208723841088	3800000
1151.7187657356262	96	10	-1110.8500091033359	374.3637402362057	-626.7873296374695	-1644.1837102178986	3840000
1162.0737698078156	97	10	-1311.0901402370753	273.7565359395912	-642.9572059029733	-1607.7538721199758	3880000
1172.2601549625397	98	10	-1130.7959398264948	426.96751981959113	-631.6421429054566	-1847.3467939005618	3920000
1182.7872939109802	99	10	-1087.2800594662426	349.72545117193266	-629.7184263645727	-1561.0767748136054	3960000
1193.9743881225586	100	10	-1061.1868938617822	356.54753179166124	-520.6215998959987	-1619.1945816483515	4000000
1204.5129776000977	101	10	-1174.6364281878907	322.82913125203953	-632.4021093753964	-1719.5617925998217	4040000
1214.7825198173523	102	10	-1012.4968886375163	233.42241788817532	-639.0032031838193	-1299.6725147526097	4080000
1225.1523761749268	103	10	-1234.7835163877085	197.50037884934122	-960.4309391567284	-1536.153154270691	4120000
1235.8306443691254	104	10	-1237.7161910680302	300.06632016948276	-511.91711481950443	-1622.279142158214	4160000
1246.35471200943	105	10	-1160.3163875115113	462.1831420721173	-512.5616255693261	-1861.0774584287938	4200000
1256.0901582241058	106	10	-1365.9168271175377	323.72406945645537	-893.8869458351869	-1785.7289807789646	4240000
1266.0719945430756	107	10	-1312.7641482378713	331.2857128716099	-649.1888346919937	-1908.4311433104237	4280000
1276.5839178562164	108	10	-1152.2217858947658	275.74361772736273	-621.3428549263008	-1637.3329557086954	4320000
1286.5008187294006	109	10	-1092.3513991015805	417.5633991748745	-606.6848415052186	-1804.634028196774	4360000
1296.820627450943	110	10	-1133.4414909814748	320.109203871553	-536.3562001970772	-1554.5485963575732	4400000
1306.7489018440247	111	10	-1246.6532622327275	302.52978500005054	-862.3760463450795	-1826.6089848602114	4440000
1316.5876038074493	112	10	-1347.471798783723	408.20671341502015	-741.6514977575277	-1906.286493934687	4480000
1326.7324624061584	113	10	-1281.8169111376912	231.1307169133106	-966.3802346866947	-1697.8336736385722	4520000
1336.7498831748962	114	10	-1235.457378439984	454.9826105281779	-519.8364483087402	-1834.684572223771	4560000
1346.3494849205017	115	10	-1246.8666168310444	371.9615639341645	-624.8862174084617	-1808.0215310868255	4600000
1355.6519680023193	116	10	-1309.3694005085215	374.5481607279916	-508.71932320553304	-1853.6084144318684	4640000
1365.2967822551727	117	10	-1287.366308091366	379.62641999112066	-574.3551426879782	-1832.1938280705456	4680000
1375.2897667884827	118	10	-1103.365691331153	462.7012581176597	-503.5778308264768	-1915.2231982870705	4720000
1385.1759643554688	119	10	-1023.5655037514558	228.5202960557433	-626.5727563717044	-1382.5570084927274	4760000
1395.2152254581451	120	10	-1250.8772642850163	364.221942102802	-627.0296514190378	-1772.1643579852675	4800000
1404.95103597641	121	10	-1145.6148235191981	350.33511516996066	-623.546858254471	-1734.772482538617	4840000
1414.9311554431915	122	10	-1068.653212759825	339.1314482935268	-561.0452608498908	-1853.8249018053723	4880000
1424.674834728241	123	10	-1056.9749274314904	355.1794350526422	-510.27080703854716	-1550.7630077228027	4920000
1434.7946338653564	124	10	-1103.985079573516	334.35468652023167	-512.3016552235338	-1675.0718619009106	4960000
1444.9362680912018	125	10	-1399.497280960358	317.08300606198486	-748.6161377882859	-1838.784119016627	5000000
1454.8641033172607	126	10	-1166.9860316087374	339.56673681391186	-633.3408502644247	-1746.5113219059028	5040000
1464.442188501358	127	10	-1170.5005097054222	398.66266216173625	-502.80939862941716	-1888.1656920580594	5080000
1473.878340959549	128	10	-1199.1717488476593	262.8006737943898	-611.5888788979347	-1553.5311638110484	5120000
1483.682966709137	129	10	-1310.39388670768	313.0271402582296	-808.3145059397639	-1763.4942944354032	5160000
1492.769879579544	130	10	-1283.0323649616498	287.9231944687512	-789.6722612329877	-1800.2553452908899	5200000
1502.5367453098297	131	10	-969.2356459112782	346.9513889133711	-504.6683796991175	-1398.2441863106105	5240000
1511.8009600639343	132	10	-1312.0156006401699	407.30661021759084	-627.3542831552082	-1877.8865204977226	5280000
1521.484040737152	133	10	-1183.9795702402946	288.91822621203886	-718.7515862832481	-1571.399025026529	5320000
1531.7859296798706	134	10	-1251.6678527222143	449.6784650691539	-503.3379761493952	-1874.5704172150581	5360000
1541.7821969985962	135	10	-1042.9344386579485	263.9779435091161	-622.847029885112	-1454.6425290665668	5400000
1551.777766942978	136	10	-1357.9868663445832	355.26675232395934	-633.8921252294393	-1834.507312872139	5440000
1562.188833475113	137	10	-1200.616505715814	274.2975577588798	-612.2729957656719	-1563.6800820000115	5480000
1572.016489982605	138	10	-1264.6911102454733	334.67462603743434	-618.4313450273622	-1632.3818351096945	5520000
1581.9215898513794	139	10	-1101.0652894098398	406.2569328667858	-510.17813465101057	-1890.0505596723726	5560000
1591.6325612068176	140	10	-1249.6054787800322	385.5109598812671	-624.5752208164256	-1852.243600957054	5600000
1601.2874262332916	141	10	-1311.660589538058	301.8963380113834	-862.2450345030929	-1821.162074527943	5640000
1610.5159804821014	142	10	-1024.0721763333645	345.4578684918599	-617.3221138108865	-1810.5705995020717	5680000
1619.960910320282	143	10	-1171.4852038317317	289.49239585829747	-630.6489901102227	-1601.6467384887305	5720000
1629.9735715389252	144	10	-1298.985073756106	386.99835794205774	-631.805183845301	-1930.9360030836106	5760000
1639.5340445041656	145	10	-1224.8082079418455	291.69247715237094	-748.0671935679334	-1776.148053178172	5800000
1649.7327411174774	146	10	-1260.9403883747102	292.27416807973185	-764.0182351814991	-1949.754508666315	5840000
1659.2291910648346	147	10	-1390.7371181419346	308.01160532687425	-763.1421663407558	-1772.4557298844481	5880000
1668.952228307724	148	10	-1259.7011747401418	389.20249257633526	-630.7098246605063	-1785.1620707299062	5920000
1678.716358423233	149	10	-1235.0063830143147	334.53342822127854	-789.5961550035602	-1760.9728139090016	5960000
1688.2422032356262	150	10	-1255.2486367600675	328.6529861991941	-631.5287728592028	-1751.3943721201485	6000000
1697.87509059906	151	10	-1105.0479061874676	395.3063214187668	-630.5080429356735	-1830.3178972169972	6040000
1707.96182847023	152	10	-1116.521893228675	414.16800444193484	-630.1026416468457	-1953.4621049420418	6080000
1718.0185873508453	153	10	-1133.301856781692	348.3983447425279	-640.8570000718257	-1849.5602655154767	6120000
1727.762925863266	154	10	-1285.3140690051148	366.1201472034241	-756.1756624145288	-1864.2631248578164	6160000
1737.5430948734283	155	10	-1234.8753384430634	333.0979160183346	-629.9209271307972	-1746.8998147406196	6200000
1746.8219871520996	156	10	-1192.2639443807416	278.7725990277422	-758.6063493206956	-1693.3082548056923	6240000
1756.4328997135162	157	10	-1114.564740580549	283.63854263038263	-619.5236772901499	-1532.3336432575084	6280000
1765.9047651290894	158	10	-1314.5900802904002	337.19790387980106	-624.1575911449283	-1823.5385884641103	6320000
1775.1926250457764	159	10	-1190.5334914050109	323.3090694263866	-754.7146832468665	-1847.8209497215003	6360000
1784.9524154663086	160	10	-1341.815626901006	289.83044730915935	-969.7523179943545	-1806.5048257012422	6400000
1794.7631540298462	161	10	-1197.759716059982	294.0655452207231	-709.0538382959678	-1539.9354659821718	6440000
1804.6754143238068	162	10	-1265.6097997438283	370.488618844466	-746.6914509982888	-1888.4940171098765	6480000
1815.0242636203766	163	10	-1198.3544040183576	315.17030454653076	-747.9834136622827	-1765.7214630897884	6520000
1824.7778222560883	164	10	-1263.6886597468988	245.67308173486353	-945.1194851242634	-1753.4453895092236	6560000
1834.471156835556	165	10	-924.9781910996433	175.08776278431714	-630.0629356023024	-1159.0504504120656	6600000
1844.2422091960907	166	10	-1108.513022828029	362.99984693102516	-608.1530577610871	-1865.455091478966	6640000
1853.994734287262	167	10	-1088.0160747840087	268.83985632652286	-748.0686738642747	-1620.5526415761124	6680000
1864.822992324829	168	10	-1108.6396478021247	186.3438979310446	-862.6955242250758	-1544.1230832037922	6720000
1874.8501205444336	169	10	-1070.6870136374475	405.4110752808718	-626.4489022439851	-1855.8859220579216	6760000
1885.0771281719208	170	10	-1061.6179658888893	342.31574603638506	-630.8373437650921	-1585.44635754187	6800000
1894.788537979126	171	10	-1087.0014361448752	416.71444427796405	-629.5437949939195	-1647.035962904413	6840000
1905.0441920757294	172	10	-1180.8797288242674	332.0188877498051	-629.5961277816937	-1551.8512721620234	6880000
1915.0189323425293	173	10	-1276.2179914417072	393.93124838591234	-627.213865667533	-1956.1434137455462	6920000
1925.4191446304321	174	10	-1200.5388529779814	355.6429054156828	-630.6893561375232	-1867.9429421399586	6960000
1935.1012926101685	175	10	-1165.7250926450238	325.56072145617594	-745.7062917825987	-1695.2167082285223	7000000
1945.3603029251099	176	10	-1155.5212742710146	321.75096486333587	-605.2027770196522	-1701.5621178843799	7040000
1956.2843091487885	177	10	-1203.9997595998536	389.25879174135974	-626.7706046925935	-1754.6575165799238	7080000
1966.7725341320038	178	10	-1128.8606492200288	281.39336531307174	-862.7051572900273	-1848.1814142627006	7120000
1976.6397051811218	179	10	-1091.7144399107262	355.40145237959257	-578.3823427759057	-1616.1024817208965	7160000
1986.2956838607788	180	10	-1154.6863572241612	322.87174427234953	-754.6490052428119	-1698.5587061506237	7200000
1995.9832985401154	181	10	-1281.6640432530469	460.726835250664	-625.8496896993466	-1854.800978952343	7240000
2005.6347210407257	182	10	-1258.5930453735832	249.0442049488537	-862.3896036659385	-1694.4916770840512	7280000
2015.2870552539825	183	10	-1227.545886805377	364.3562078589508	-615.9911046925282	-1793.3656078564889	7320000
2025.2774419784546	184	10	-1100.363808063555	312.32028676601726	-608.8612324625819	-1563.2078626882717	7360000
2035.475792169571	185	10	-1044.4561276279528	342.0164082163923	-505.2214610823043	-1504.1242298643442	7400000
2044.849363565445	186	10	-1277.615915515613	311.82948751734426	-629.3592964740762	-1756.016657887618	7440000
2054.8589963912964	187	10	-1230.3243793105146	283.5775651707059	-748.166591648056	-1731.4794968082062	7480000
2064.589569091797	188	10	-909.8549445349588	280.8943175649864	-504.27658722482954	-1495.4833953083064	7520000
2074.371839761734	189	10	-1161.227986671242	437.93800152611743	-627.1617504752611	-1861.1646201457133	7560000
2084.336612701416	190	10	-1225.5524383704949	431.7371673115876	-504.1850438086002	-1915.0438795627524	7600000
2095.0238485336304	191	10	-1201.4141230281148	316.0215396327286	-600.7720673790292	-1763.9807526244017	7640000
2105.188289165497	192	10	-1185.9125060196327	316.19855663863626	-623.9491980526798	-1530.4931667838607	7680000
2114.9188780784607	193	10	-1244.291068453212	459.55739397728127	-627.5127932493458	-1885.1312141975297	7720000
2124.849888563156	194	10	-1275.4041210047621	449.7455375525858	-603.6778035729121	-1905.744119314064	7760000
2133.9906611442566	195	10	-1228.4574066427645	323.717114867452	-854.6012965939261	-1782.0041969856657	7800000
2143.46986079216	196	10	-1186.1541034505249	460.26152253440966	-538.0583264956797	-1929.2317392593009	7840000
2153.080075263977	197	10	-1285.026608798272	380.4538257192545	-632.1509176149874	-1814.7428634568046	7880000
2162.4135870933533	198	10	-1235.605207876802	387.6468103514744	-503.6870549396573	-1886.9462584639753	7920000
2172.4549808502197	199	10	-1396.114214803665	427.142520375012	-659.8522026095565	-1861.783362507789	7960000
2182.6714601516724	200	10	-1253.4692252124046	360.8506343338301	-755.8642659706171	-1802.5391266807528	8000000
2192.2842965126038	201	10	-1122.6198147938023	327.6480985208887	-627.8655727290669	-1817.9986265776079	8040000
2202.6017546653748	202	10	-1186.9852629929355	274.06085041227334	-626.6027048694945	-1519.5551183916473	8080000
2212.3126680850983	203	10	-1189.2014519470683	401.87563336400905	-626.5102515285896	-1827.4239361117777	8120000
2222.1124012470245	204	10	-1123.3509404063996	302.2956538181434	-635.0638316994398	-1907.260104483895	8160000
2231.9516842365265	205	10	-1192.420391995504	341.0918293217855	-748.0524490658186	-1781.808300052959	8200000
2241.7603142261505	206	10	-1336.3111253144461	328.45754146368796	-493.585461226259	-1709.9684289516863	8240000
2251.50089097023	207	10	-1070.0981392252013	350.29146789101594	-636.6558312055377	-1819.0955355115266	8280000
2261.184144973755	208	10	-1199.8317047864775	263.5180227160172	-748.2881874384606	-1780.8550393276576	8320000
2269.929139852524	209	10	-1299.8229425649001	173.3042889591359	-1010.7383188560523	-1637.4240649628312	8360000
2279.381838321686	210	10	-1121.9526553727287	295.8641973546704	-628.3999103640659	-1731.3384790813707	8400000
2289.3141720294952	211	10	-1372.2769102118323	341.55504252685125	-747.9873871798333	-1927.6574587573232	8440000
2298.9368245601654	212	10	-1189.422602689469	468.0742406966627	-605.9540602611415	-1859.1620228392853	8480000
2308.4855914115906	213	10	-989.6117168480134	288.2180897582665	-630.8313033439565	-1449.3911221778214	8520000
2319.042589902878	214	10	-1087.5657305934808	178.6364748459914	-630.1474074466249	-1313.283062705285	8560000
2330.684621810913	215	10	-1237.4503390366194	443.3704318604236	-506.87391141254636	-1892.6795678662322	8600000
2340.4860503673553	216	10	-1142.1494950405336	281.81769191326265	-627.3642718599974	-1612.43709996657	8640000
2350.0285744667053	217	10	-1330.9247198992257	281.4463388468987	-907.4163270536699	-1787.3274624897902	8680000
2360.3535857200623	218	10	-1120.1709929230174	325.20083700731936	-623.8810439627099	-1504.5382682322127	8720000
2370.57923078537	219	10	-1333.9815730949886	363.83268036307607	-630.1973158361671	-1868.0642716402467	8760000
2380.274510383606	220	10	-1250.3297291909857	282.6335885277168	-645.3135745647485	-1706.5570782259315	8800000
2389.623055458069	221	10	-1065.3031218380493	358.67763227514826	-610.7046653762231	-1712.788683844804	8840000
2399.4740059375763	222	10	-1070.6754985370794	201.7144537587645	-761.7543689613649	-1372.2030739700524	8880000
2409.286256313324	223	10	-1148.4041121986456	402.58704502085084	-628.1743071315279	-1810.9359398181514	8920000
2418.48521733284	224	10	-1164.6378763668365	399.81547295248225	-426.14139042871983	-1893.0638146042293	8960000
2427.805990457535	225	10	-1243.9535181613287	190.5021341692167	-968.8112462403932	-1667.4292151798404	9000000
2437.596154689789	226	10	-1098.2798200636055	385.3175060714598	-616.4629237928025	-1891.9871377297975	9040000
2447.3351290225983	227	10	-1117.2890118363152	324.65977591903356	-754.1537205122926	-1814.793835770992	9080000
2457.264030456543	228	10	-1299.1238625253059	335.3203170234021	-621.3496132847173	-1850.36583256641	9120000
2467.1910498142242	229	10	-1435.1697445864916	315.8505645283631	-862.693271768806	-1885.286501232797	9160000
2477.010356903076	230	10	-1054.575016101033	315.9943874740751	-627.1439605100193	-1773.9627410643582	9200000
2487.4275572299957	231	10	-1000.4871774639945	453.5765306203467	-504.6406298038327	-1730.1343730781912	9240000
2497.237715244293	232	10	-1256.7664219960484	337.73993295620187	-862.4832729773666	-1756.1426389057833	9280000
2507.1756052970886	233	10	-1344.3326370657876	326.15701707086413	-755.3680972442194	-1890.033594674117	9320000
2516.890213727951	234	10	-1206.654929404281	175.01852113324475	-863.9746079111449	-1487.7525029181522	9360000
2527.0360395908356	235	10	-1143.1471626609616	314.0310211609477	-628.0586404464528	-1836.2201531355627	9400000
2537.459142923355	236	10	-1313.4555636282662	313.07909915370567	-746.6848509841012	-1801.6922180335137	9440000
2547.619799852371	237	10	-1270.114358788922	331.1933939830135	-863.2362133507369	-1892.6484238703738	9480000
2558.499885082245	238	10	-1152.014053868105	232.00608454602184	-749.0164345957354	-1512.2168167099503	9520000
2568.6419038772583	239	10	-1127.1647670077393	267.0798739052569	-858.6917264191268	-1635.9984960282359	9560000
2578.4859528541565	240	10	-1252.0373512229924	393.62410734347054	-629.2651986279039	-1833.5861983638533	9600000
2588.1265003681183	241	10	-1097.0133863141434	247.48678411421332	-657.5829945997189	-1409.8313393210017	9640000
2598.3724324703217	242	10	-1335.628991151875	374.777514674667	-664.0361982035748	-1892.218260405387	9680000
2608.533723592758	243	10	-1238.3442714647801	344.37287092964715	-662.8378272576799	-1753.6500871436585	9720000
2618.9002480506897	244	10	-1014.7783339423598	286.50207159308593	-532.5945445415786	-1472.8709766958361	9760000
2629.0337932109833	245	10	-1483.5543044331462	241.76555200088762	-984.3238325329543	-1834.2308242903268	9800000
2639.541651725769	246	10	-1309.0337644968274	426.2007509884336	-621.4004621742054	-1896.5945289265526	9840000
2650.477422475815	247	10	-1293.125130161328	375.3183569409179	-746.8746471109622	-1858.4557682191025	9880000
2661.457203388214	248	10	-1174.0388447600367	345.5253906246527	-626.3239327504314	-1851.144568363382	9920000
2671.5004272460938	249	10	-1354.7698380332542	378.9235868730908	-627.5804419231554	-1857.0272928403674	9960000
2681.5998713970184	250	10	-1060.9505934753424	364.38629223975266	-626.9720548744344	-1835.163591650379	10000000
2691.6287293434143	251	10	-1335.7920038363911	233.05555243528323	-997.8840857934218	-1689.2446575734182	10040000
2702.1469140052795	252	10	-1051.275272522331	445.30653962924805	-502.0588197405594	-1872.9787866138272	10080000
2712.3330447673798	253	10	-1299.4639188977553	405.08215840064673	-708.711452419988	-1898.050802127639	10120000
2722.2121284008026	254	10	-1427.3863181230263	306.12435706944035	-968.0559934709898	-1834.6664331567067	10160000
2732.474555015564	255	10	-1073.684500005899	266.4040722475003	-626.5347991326822	-1582.3064040749814	10200000
2743.3375368118286	256	10	-1257.2451527342353	381.2054033082463	-756.0479876260522	-1752.6626516301058	10240000
2754.2578008174896	257	10	-1322.145083686817	253.46231883423755	-969.7612242643485	-1741.3919666084385	10280000
2765.3003141880035	258	10	-1192.2931884226673	332.8558817808907	-862.3057658135543	-1776.082794781304	10320000
2776.050122499466	259	10	-1178.2543574824672	345.764808505674	-639.5336596421382	-1718.119846881721	10360000
2786.921758413315	260	10	-1350.3831615107756	336.61630524395366	-627.7141365793851	-1821.787667109483	10400000
2797.8430726528168	261	10	-1105.4297024593059	280.69412737450745	-644.8131696591129	-1436.8556221077663	10440000
2808.589553833008	262	10	-1060.6639842549807	267.12293603648106	-630.4871405690155	-1526.9613304827883	10480000
2818.3965814113617	263	10	-1081.8766278570351	417.6559458659819	-504.8340930825077	-1850.1962308157522	10520000
2828.63742685318	264	10	-1443.588945736217	328.87192873662235	-906.8586209981237	-1926.7030659106442	10560000
2839.2392535209656	265	10	-1265.535030800836	312.09923504416525	-863.3108048900393	-1795.3792414373963	10600000
2849.6323432922363	266	10	-1267.2096829620605	289.9170412790931	-763.634161890381	-1811.5579441405707	10640000
2859.456125497818	267	10	-1191.8994981493554	319.3799215208126	-771.3508191009153	-1694.7548584097933	10680000
2869.6228618621826	268	10	-1224.3018575844303	370.9309752779547	-625.6582999174962	-1739.0138058797916	10720000
2880.317405462265	269	10	-1338.5155659234865	295.47003085778476	-797.9616468429492	-1877.3012967553298	10760000
2890.17688536644	270	10	-1103.291477710702	382.0846380726535	-628.3460946991023	-1763.8813274383403	10800000
2900.673484802246	271	10	-1136.071163649682	302.1367731938364	-748.2907455801076	-1607.648730165067	10840000
2911.235542535782	272	10	-1347.4551145161536	345.2317579958789	-630.0650710668609	-1716.4623968726057	10880000
2921.748066186905	273	10	-1338.3605385317503	352.1399847027751	-624.7302742104695	-1819.7513551791644	10920000
2931.9709436893463	274	10	-1150.9970088468983	383.20976440626134	-630.780591704658	-1835.061936976693	10960000
2942.219890832901	275	10	-1166.6538565024728	451.90241159948414	-628.0469897503698	-1830.4357035747344	11000000
2952.0292687416077	276	10	-1121.7817935508601	497.5414958278502	-625.7747124319895	-1880.4622455507874	11040000
2962.117804288864	277	10	-1150.8996719546133	353.7283628759512	-627.036848889269	-1542.6848379356509	11080000
2972.836343765259	278	10	-1023.0658282481381	348.96370392885535	-628.4224295821472	-1679.7672995356218	11120000
2982.9530379772186	279	10	-1056.0230453428906	307.0279767131168	-762.776816065055	-1803.3659479331332	11160000
2994.2910990715027	280	10	-1244.056438734815	276.14064825748113	-748.0307045829752	-1670.9441679882448	11200000
3005.8122482299805	281	10	-1332.7372480255192	282.57560848709124	-852.7631994328865	-1841.5773841577275	11240000
3016.9394900798798	282	10	-1073.3519450419874	217.9574316984897	-747.4095288650275	-1536.33323218997	11280000
3027.16428232193	283	10	-1187.216012791068	372.87519046206006	-597.8464180113986	-1868.90762387932	11320000
3038.282885789871	284	10	-1382.2096320907935	342.7145409999721	-861.7287078961234	-1864.216605709269	11360000
3049.703709125519	285	10	-1321.0372184508462	363.4625472734942	-754.0360805092303	-1848.0292673318984	11400000
3060.5500054359436	286	10	-1345.2439018318669	379.72267057950114	-637.4953802483354	-1819.5762170748735	11440000
3072.4274332523346	287	10	-1073.182836188114	301.86173614013876	-727.3364318693517	-1755.6089152981936	11480000
3083.587870359421	288	10	-1083.286414713496	424.6798000334643	-561.3596004652313	-1843.6180264282477	11520000
3094.6577875614166	289	10	-1241.9641056501434	330.02555374568357	-646.0643950148967	-1898.6674053245938	11560000
3105.5484476089478	290	10	-1231.2413693252179	234.73637263502675	-977.8980888582512	-1661.917837204619	11600000
3116.7675449848175	291	10	-1007.3058836206849	265.7900598752118	-662.2874309201867	-1530.9297665911163	11640000
3129.3978707790375	292	10	-1210.8146741119424	434.6716528568332	-626.8109185960675	-1892.4357654020992	11680000
3140.3656282424927	293	10	-1274.8493061134602	386.84834090537123	-682.8872553489518	-1846.0522324455637	11720000
3151.333915233612	294	10	-1100.7310257387624	375.6939916255282	-590.308925608525	-1714.4791325759008	11760000
3162.5594396591187	295	10	-1138.5905191757452	270.25827727271263	-742.3642730032441	-1704.2511035587697	11800000
3173.8369629383087	296	10	-1161.859751003508	454.3394263092615	-595.3128174453745	-1811.922234429619	11840000
3184.886233329773	297	10	-1256.487367445597	396.0642835989751	-748.3704448736609	-1816.518508384972	11880000
3195.385576725006	298	10	-1343.1593860520484	347.2014245536578	-773.601732979759	-1764.1727745951302	11920000
3207.0078206062317	299	10	-1222.6683435703824	302.1953749114358	-747.093790103512	-1792.1363115686813	11960000
3217.4334304332733	300	10	-1147.1338251438624	375.41442541593625	-720.7602757562147	-1814.453355528345	12000000
